a47deabe-cbf4-40b9-8ab2-45d9ea7b6535;PILOTING3;8;2;2;2;0;10000;0;0;47;0;
52653eaa-6c8e-4406-ad09-ebcf2abf0336;PILOTING3;8;4;2;2;0;10000;0;0;47;0;
c9b42d1c-fdcd-4fcc-b2f8-310ce4521b7d;Railgun1;11;12;1;2;0;2000;0;0;20;0;0.0;0.0;0.0;0;
b558ed86-327f-4595-9e42-5fef8ff8e3ce;Railgun1;11;6;1;2;0;2000;0;0;19;0;0.0;0.0;0.0;0;
7b9dbd08-ad86-46cf-9df6-794d57949393;Railgun1;4;13;1;2;0;2000;0;0;31;0;0.0;0.0;0.0;0;
1df5513f-37c4-4142-9b8c-ef562a3ef6c7;SYS_SHOP;5;12;2;2;0;10000;0;0;48;0;1;none:none:none:none:;
9f9344ef-f141-4387-8525-c99d9161bd0d;SENSORS4;11;8;1;2;0;4000;0;0;19;0;1;
6f10628e-9d40-442d-972c-c760b032a50d;DOOR_CONTROL2;7;10;2;1;0;2000;0;0;1;0;1;
8ddd15f0-16e8-4b7e-894f-86a4bafada45;OXYGEN2;12;2;2;1;0;2000;0;0;1;0;1;
3f671a36-83f7-4739-a1d2-8409dacd90f0;OXYGEN2;14;13;2;1;0;2000;0;0;1;0;1;
ff6457e8-3890-4233-9fa9-1c5849531c75;WEAPONS_CONTROL2;13;3;1;2;0;4000;0;0;20;0;
39ed9a3e-4c90-4d89-9918-a2527ebab84c;Dual_Launcher5;17;14;2;1;0;3200;0;0;8;0;0.0;0.0;0.0;0;
ff795a03-ca4c-471c-aaba-2b50a9a2c132;MEDICAL2;12;5;2;1;0;4000;0;0;1;0;
29643de5-3431-439d-b6e5-41f6b0c6c77b;MEDICAL2;3;10;2;1;0;4000;0;0;2;0;
caf92921-ae18-4262-b6fc-90d7b8f44853;CAPACITOR3;2;11;2;1;0;6000;0;0;0;0;
9fac9220-f5b3-4338-ac9e-aa8e72f5c41d;CAPACITOR3;5;11;2;1;0;6000;0;0;0;0;
65a4e0ce-f5f3-4fab-90c0-c994713f45fe;CAPACITOR3;14;4;1;2;0;6000;0;0;0;0;
baedce8b-a5c9-43bc-a756-73fd82674591;CAPACITOR3;14;2;1;2;0;6000;0;0;0;0;
486b49ac-4467-4db7-8b90-517d0ef26992;REACTOR4;2;12;2;2;0;8000;0;0;47;0;1;
8024d292-a3c8-4257-9e1e-bcfbb5bfb2b6;SHIELDS3;16;12;2;2;0;3000;6;0;50;0;1;
ce18532f-97d8-43f2-b17a-898280310788;SHIELDS3;18;12;2;2;0;3000;6;0;37;0;1;
a26ca316-058c-4b68-96c5-e27ca5859c7d;CAPACITOR3;9;10;2;1;0;6000;0;0;0;0;
