acb6a5b6-8015-46f4-9329-6efec77cf1b0;PILOTING3;5;2;2;2;0;10000;0;0;37;0;
5a9025fa-abce-4378-ac53-74d6c99e836c;SHIELDS4;2;10;2;2;0;4000;8;0;46;0;1;
980ef638-2421-40df-b12f-d7eff8e8eb92;SHIELDS4;17;10;2;2;0;4000;8;0;46;0;1;
27bbbc94-7aa1-440f-af1b-4390ef9499dc;CAPACITOR5;14;15;2;2;0;14000;0;0;0;0;
690e1836-82f1-4461-aaad-42c1e1865886;WEAPONS_CONTROL1;14;2;2;2;0;6000;0;0;38;0;
993e0095-1ca7-4451-865c-f0693ba7a3e4;MEDICAL3;5;15;2;2;0;6000;0;0;38;0;
53ac33cb-a746-478a-87c1-0dc9b6528d09;SENSORS4;4;3;1;2;0;4000;0;0;25;0;1;
cc7c59ca-016e-4964-b6eb-61ed181d5f1a;OXYGEN3;14;9;2;1;0;1000;0;0;1;0;1;
16779206-56f1-4539-bdd2-36e76c2c2456;OXYGEN3;5;9;2;1;0;1000;0;0;1;0;1;
08697d31-43f3-4745-b37e-e8db95f27d74;DOOR_CONTROL2;16;3;1;2;0;2000;0;0;24;0;1;
fe4be229-a6ba-4813-91d8-35ecf242679a;REPAIR1;3;9;2;1;0;2000;0;0;14;0;
240596f6-64de-4eab-a553-0e8953b3c813;REPAIR1;17;12;1;2;0;2000;0;0;19;0;
2373d432-b1b6-420c-bd07-e8827a2bd755;SYS_SHOP;11;10;2;2;0;10000;0;0;40;0;175;CAPACITOR1:OXYGEN2:WEAPONS_CONTROL2:Hull_Breaker4:;
fbd8b24e-74bf-4b2c-9725-93601b1f1e05;REPAIR2;8;7;2;2;0;2000;0;0;37;0;
5ebb7686-bf3b-43b7-85bc-54cac7b4bce4;MIS_SHOP;11;7;2;2;0;10000;0;0;38;0;14;20;
7a97a2bd-0c91-4045-8b95-599acd01f308;DRONE_SHOP;8;10;2;2;0;10000;0;0;39;0;16;17;
53530dc6-bd39-4e91-9bc9-0b92bf2c8fc8;MIS_SHOP2;2;14;2;1;0;10000;0;0;3;0;12;16;
0601f1d3-666e-445f-9395-1a6540072aa2;SYS_SHOP2;16;9;2;1;0;10000;0;0;13;0;119;MEDICAL1:Basic_ML3:Dual_laser2:;
fed10f15-e204-4e39-9cee-e33ad0c04da5;SYS_SHOP2;3;5;1;2;0;10000;0;0;19;0;180;DOOR_CONTROL1:SENSORS1:MEDICAL3:;
b5c6f4ef-7196-422f-b302-679068525f54;MIS_SHOP2;17;4;2;1;0;10000;0;0;2;0;4;19;
cf16cf0c-d05e-4450-b4ab-89eeb77da724;DRONE_SHOP2;17;14;2;1;0;10000;0;0;3;0;12;15;
4ba4c650-9692-4259-aec4-8d675da02d39;REACTOR3;17;7;2;2;0;5000;0;0;46;0;1;
c43ae1ec-f398-4654-b2fe-2083b7872296;REACTOR3;2;7;2;2;0;5000;0;0;46;0;1;
12024723-3989-4cb8-ac8f-76b9ed72479f;Dual_Launcher1;17;5;1;2;0;2200;0;0;19;0;0.0;0.0;0.0;0;
65eb5461-b968-4c63-bfb6-b798b909f666;Heavy_laser2;2;4;2;1;0;1000;0;0;2;0;0.0;0.0;0.0;0;
c66b2729-0413-45e8-ad1c-c6738b53ecb8;Heavy_Dual_laser1;4;14;1;2;0;1800;0;0;24;0;0.0;0.0;0.0;0;
19ac8573-c029-47d2-b618-cb09c980049d;Triple_laser1;16;14;1;2;0;1800;0;0;25;0;0.0;0.0;0.0;0;
