e447bdeb-c3de-412c-b5d3-c9a4b7faa821;PILOTING3;14;15;2;2;0;10000;0;0;37;0;
616f6526-6b60-469b-b4a1-71c514cf690d;SHIELDS4;5;2;2;2;0;4000;8;152;37;0;1;
7c3a3faa-4e74-471a-9325-b95b1693b5b2;REACTOR4;5;15;2;2;0;8000;0;0;38;0;1;
d9756685-9f44-4415-82e5-5f3338060103;SYS_SHOP;11;7;2;2;0;10000;0;0;38;0;1;none:none:none:none:;
31900386-f673-4cdb-904f-6e85946b8b8f;SYS_SHOP;8;7;2;2;0;10000;0;0;37;0;1;none:none:none:none:;
6818faaf-8882-46f6-9de9-c5228cfc4c4c;SYS_SHOP;8;10;2;2;0;10000;0;0;39;0;1;none:none:none:none:;
23777e9d-e51b-4199-b85d-cc5db82857b1;SYS_SHOP;11;10;2;2;0;10000;0;0;40;0;1;none:none:none:none:;
f5c83ea0-43f5-49b9-b059-6c4fbe4e25e2;REPAIR2;14;2;2;2;0;2000;0;0;38;0;
e416dff5-1f9a-4a37-9346-3384a73c3563;MIS_SHOP;17;7;2;2;0;10000;0;0;46;0;1;12;
e0fdb103-9265-48dd-9f22-b74f0bb2ab97;MIS_SHOP;2;10;2;2;0;10000;0;0;46;0;1;15;
15ca8f58-e795-4218-894a-690deae5c10f;DRONE_SHOP;2;7;2;2;0;10000;0;0;46;0;1;14;
7e6b60d8-0cc7-494a-8b82-1ff2287d83d9;DRONE_SHOP;17;10;2;2;0;10000;0;0;46;0;1;11;
e5376ebe-80e9-4236-8ec6-70b1c828b591;WEAPONS_CONTROL2;17;14;2;1;0;4000;0;0;3;0;
b104c653-a58e-4ad6-b76e-85f2e8dfa5ef;CAPACITOR3;2;14;2;1;0;6000;0;0;0;0;
6c7d5735-d43e-4499-af5e-7f3d573b9211;Heavy_laser1;16;3;1;2;0;800;0;0;24;0;0.0;0.0;0.0;0;
75977c58-64e1-4d83-be7e-717a63c92b48;Heavy_laser1;16;14;1;2;0;800;0;0;25;0;0.0;0.0;0.0;0;
c00275e2-2d75-462d-b3f0-079014b348f2;Heavy_laser1;4;14;1;2;0;800;0;0;24;0;0.0;0.0;0.0;0;
9edc769e-2a06-4134-9b58-0e311dc343f6;Heavy_laser1;4;3;1;2;0;800;0;0;25;0;0.0;0.0;0.0;0;
08697d31-43f3-4745-b37e-e8db95f27d74;DOOR_CONTROL2;16;9;2;1;0;2000;0;0;24;0;1;
6b6bad56-62f3-4007-8447-2a4273ab98d5;OXYGEN3;3;9;2;1;0;1000;0;0;14;0;1;
115d227b-f4df-45ed-9617-b82ffa182403;Dual_laser2;14;9;2;1;0;1500;0;0;1;0;0.0;0.0;0.0;0;
4d348ec6-288c-4280-9f62-037073366ec9;Dual_laser2;5;9;2;1;0;1500;0;0;1;0;0.0;0.0;0.0;0;
