f4732cb0-4111-48a0-b9aa-d89923e571c7;PILOTING3;18;12;2;2;0;10000;0;0;37;0;
e66fa388-ddb9-4a3a-bbed-b72a43a39c9c;SHIELDS4;11;4;2;2;0;4000;8;0;55;0;1;
3bdad550-b65a-4a26-93cf-1bfcfc65e379;REACTOR3;5;12;2;2;0;5000;0;0;48;0;1;
dc8aa656-b321-435e-ab5e-59908ea89176;Basic_laser1;2;11;2;1;0;800;0;0;8;0;0.0;0.0;0.0;0;
aad2720d-d1e8-4f1b-a929-2c98f8e4988a;Basic_laser1;11;10;1;2;0;800;0;0;21;0;0.0;0.0;0.0;0;
ecccc1bf-9fba-4625-882a-a71789d429f3;Basic_ML1;11;6;1;2;0;800;0;0;19;0;0.0;0.0;0.0;0;
542a9d46-2202-4265-a98d-d937c57bfbdb;CAPACITOR4;8;2;2;2;0;12000;0;0;0;0;
91786d4f-00cb-4beb-956f-cab851a7c513;OXYGEN3;13;3;1;2;0;1000;0;0;26;0;1;
26dc165b-d355-46f5-b9a5-67949d9423c3;SENSORS3;10;3;1;2;0;2000;0;0;26;0;1;
952248a3-dc2b-4e66-9da5-9519bfe3b932;DOOR_CONTROL3;11;2;2;2;0;3000;0;0;45;0;1;
62307783-8f2e-4e9e-98ae-53d4e7e1f16a;MEDICAL3;16;12;2;2;0;6000;0;0;50;0;
3d3cac3b-2209-4ecd-9859-fce39460d15f;REPAIR2;8;4;2;2;0;2000;0;0;37;0;
6cc319b0-3ed6-4122-a6c3-7f9644c2d87e;CAPACITOR2;12;13;2;1;0;4000;0;0;0;0;
04345420-9653-4872-be36-6370de728254;WEAPONS_CONTROL1;2;12;2;2;0;6000;0;0;47;0;
