2c32ce0a-2d2c-4912-8100-c9c6fb0709df;PILOTING4;19;12;1;2;1;0;0;0;21;0;
d0daca37-0cf9-4925-a690-8bfa7c3b2809;SHIELDS1;8;4;2;2;1;0;2;0;37;0;1;
7319c30b-7800-4319-a70c-582892fb7b27;Dual_laser2;11;10;1;2;1;0;0;0;21;0;0.0;0.0;0.0;0;
927a1cfd-9fac-4a1f-b88d-71de35f261df;REACTOR3;2;12;2;2;0;3000;0;0;39;0;1;
8b6ef63f-4949-46ce-9f0f-cf1e3c16ed25;DOOR_CONTROL1;4;9;2;1;0;1000;0;0;1;0;1;
57401cfa-262a-4851-8d69-04afff81088b;OXYGEN1;10;3;1;2;1;0;0;0;26;0;1;
4456c44f-a1b7-45a0-8dad-420aa5190f17;SENSORS1;13;3;1;2;0;1000;0;0;26;0;1;
5208772e-3b7a-4c87-8b81-36aee3dd8b72;MEDICAL3;11;2;2;2;0;6000;3;0;45;1;
e11d3965-38a8-45d1-b469-a649776363f5;PARTS_LAB;18;12;1;2;1;0;0;0;20;0;
926685ca-a93c-42b1-acc1-eab54a892b74;REPAIR1;11;6;1;2;1;0;1;0;19;0;
26381fd9-c329-4365-aaab-26d49c198765;CAPACITOR1;14;2;1;2;1;0;0;0;0;0;
f31fb254-bb62-4b75-8761-8a58bdbc53a6;CAPACITOR1;14;4;1;2;1;0;0;0;0;0;
7fedc49c-5d18-4e1f-8f0e-90324a32d926;CAPACITOR3;2;10;1;2;0;6000;0;0;0;0;
97f341b9-147d-4820-b1cf-674c68549b35;TEST_LAB;16;12;2;2;1;0;0;0;50;0;1;none:none:none:none:none:;
3a559236-9766-4f46-b5b8-da68dfb67bf4;MEDICAL3;8;2;2;2;0;6000;3;0;38;1;
f724c4b5-b01d-442a-8be4-c913109b04b9;OXYGEN1;7;10;2;1;0;1000;1;0;1;1;1;
d4cc96c4-1993-4a3a-b0c4-8c8dbefa8b27;CAPACITOR3;5;13;2;1;0;6000;0;0;0;0;
