b8ce4de3-a310-47a7-b346-3ce74ad21e36;PILOTING3;14;8;2;1;0;10000;0;0;1;0;
ab4f9f19-91f7-4727-a5fe-e07b1ec64332;SUPER_SHIELDS;11;9;2;2;0;3000;1;3;48;0;1;
1edbf5e8-e501-4c2c-ba28-322cfdf9181d;REACTOR6;10;6;2;2;0;10000;0;0;41;0;1;
e018e2d8-6c7d-4e98-a80b-80ff8b787874;OXYGEN3;12;11;2;1;0;1000;3;0;3;1;1;
e90de8e9-744e-4f12-96cc-f59acfaee341;SENSORS4;12;5;2;1;0;4000;0;0;2;0;1;
ea2cff8f-5a0b-4079-9375-b5db0cd0e24f;DOOR_CONTROL5;10;3;2;1;0;5000;0;0;2;0;1;
6e589405-e0b6-442e-8e37-8d6887ca2148;MEDICAL3;10;13;2;1;0;6000;3;0;3;1;
992f0564-4c14-4bef-831f-ab0cc5ca27b3;ENGINES8;3;8;2;1;0;4000;0;0;1;0;1;
ae7f98f9-39e6-482c-afe1-13188171a60f;DF_HD;7;7;2;2;0;10000;0;0;45;0;1;
b5b37d20-63ff-4e17-8e68-0c9d2e53f8bd;Cluster_ML5;10;4;2;2;0;2600;4;3680;47;1;0.0;0.0;0.0;0;
e99ee2e2-9e46-4132-af52-2625b32c6f33;EMPRailgun;10;11;2;2;0;2000;3;2280;47;1;0.0;0.0;0.0;0;
2ac524a4-ccab-46fc-ba27-445b7802814a;CAPACITOR5;5;8;2;1;0;14000;0;0;0;0;
7c1650e2-3b1a-458b-ab33-aafdafca18b0;GAT_LASER5;13;6;2;2;0;3100;4;2400;46;1;0.0;0.0;0.0;0;
68e974f8-243b-46bc-97af-2faa2a4337d5;CLOAK2;12;8;2;1;0;2000;0;0;4;0;1;
b5355a98-6fc0-4afd-8ffa-743850bd70bf;Quad_laser5;13;9;2;2;0;4200;4;3040;46;1;0.0;0.0;0.0;0;
c6ca83a0-48f3-4088-bf33-cbc9c9e6a3c1;PLASMA_CUTTER5;9;8;2;2;0;3000;2;1280;54;1;0.0;0.0;0.0;0;
