45c9f39f-5429-4b4c-b658-6686272a2329;SHIELDS4;14;2;2;2;0;4000;8;0;38;0;1;
ef0469de-d20d-4932-8c15-b0ed4d5dce64;SHIELDS4;5;2;2;2;0;4000;8;0;37;0;1;
a05a9b08-e6a9-4d8b-8424-07f21019456d;SHIELDS4;5;15;2;2;0;4000;8;0;38;0;1;
e14a7887-8ad9-4a9a-8f06-4a7a20611766;SHIELDS4;14;15;2;2;0;4000;8;0;37;0;1;
b104745c-6b74-42d9-9a7b-e0294863dbb2;REACTOR3;17;7;2;2;0;5000;0;0;41;0;1;
fde88afe-e033-44d9-8a8b-514b95d2b677;REACTOR3;17;10;2;2;0;5000;0;0;42;0;1;
9708fa07-45b7-42cd-b9bb-17ffaf5ec15b;REACTOR3;2;7;2;2;0;5000;0;0;42;0;1;
727a00d7-4988-4dcb-99e7-e46937e67fc0;REACTOR3;2;10;2;2;0;5000;0;0;41;0;1;
d11a3e46-7c24-4b15-a74e-4dbdef1b2113;REPAIR2;11;7;2;2;0;2000;0;0;38;0;
88b55465-74a7-4478-9e89-7c8ea7a76028;OXYGEN3;14;9;2;1;0;1000;0;0;1;0;1;
74f4f99e-7d2d-4880-b8d0-c4ba7a8dd8a6;OXYGEN3;5;9;2;1;0;1000;3;0;1;1;1;
efdf2a73-a500-4191-8baa-803830c638b8;DOOR_CONTROL5;8;10;2;2;0;5000;0;0;39;0;1;
ae931e06-ab3b-4245-aee9-4cd3cab7bae8;Heavy_laser2;18;5;1;2;0;1000;0;0;19;0;0.0;0.0;0.0;0;
ad1267d8-4c2a-422b-97a4-54ddbf722293;Heavy_laser2;18;12;1;2;0;1000;0;0;19;0;0.0;0.0;0.0;0;
0ae7c6ac-b561-4925-9e52-8c0158c7271a;Heavy_Dual_laser1;2;4;2;1;0;1800;0;0;2;0;0.0;0.0;0.0;0;
28f537ce-bd9e-4acb-a107-cc6d50d9df05;SENSORS4;17;14;2;1;0;4000;0;0;3;0;1;
2fed6d9d-d22a-44e2-bc6c-08b69638f696;PILOTING3;8;7;2;2;0;10000;0;0;37;0;
f82bda38-62d1-40e1-98a7-6592ce6421b7;WEAPONS_CONTROL1;11;10;2;2;0;6000;0;0;40;0;
d7acc03d-450f-4362-9391-49738b1ccf75;Dual_Launcher1;2;14;2;1;0;2200;0;0;3;0;0.0;0.0;0.0;0;
47b75ea3-a525-48ba-ae52-00b399f397f1;CAPACITOR3;17;4;2;1;0;6000;0;0;0;0;
9ceed28f-9f9e-495f-82fd-4b2e7b85cf63;CAPACITOR3;4;14;1;2;0;6000;0;0;0;0;
688a0d76-22aa-4465-a3b3-d2ca1cc8eb2b;CAPACITOR3;2;5;1;2;0;6000;0;0;0;0;
