134d55dd-4737-4a47-9c28-34e68ac4f71e;PILOTING3;13;12;2;2;0;10000;0;0;46;0;
68ef024a-e227-4054-978e-793cc7ddacdd;SHIELDS3;12;10;2;2;0;3000;6;0;64;0;1;
6cfc44e2-d3be-46fe-8295-baa4305fadbd;REACTOR2;6;15;2;2;0;4000;0;0;48;0;1;
dbbec3b3-ea3a-4808-bd87-469a44743824;REACTOR1;14;10;2;2;0;3000;0;0;58;0;1;
9e664ad8-78c1-4442-ae0f-1fb6e1bb3c25;WEAPONS_CONTROL1;6;18;2;2;0;6000;0;0;48;0;
e62e7828-c5a0-447a-9301-8a11d207ba27;OXYGEN1;4;10;2;1;0;1000;0;0;3;0;1;
ea19d5af-50b9-444f-ab24-ad99065570bf;OXYGEN1;10;10;2;1;0;1000;0;0;1;0;1;
de2fcc4a-6645-4ebe-9a00-b38f1401f9c5;SENSORS1;15;12;1;2;0;1000;0;0;19;0;1;
2492157e-2c7b-4cf1-af07-b1b0cc952448;SENSORS1;4;6;1;2;0;1000;0;0;19;0;1;
d5a7bf06-5e0e-4a65-932a-fbc3779afd18;DOOR_CONTROL1;5;15;1;2;0;1000;0;0;31;0;1;
36f82566-93ca-4677-83b7-028a6d09d080;MEDICAL2;8;10;2;1;0;4000;0;0;1;0;
f100c7c6-96e4-451d-aaf5-1ec66dbe388e;Heavy_Dual_laser1;5;17;1;2;0;1800;0;0;32;0;0.0;0.0;0.0;0;
fc3ca79e-fa88-4839-ab07-6e8eb8ebfcea;Dual_laser1;7;11;1;2;0;1300;0;0;19;0;0.0;0.0;0.0;0;
6d93cea1-02f7-49d2-b27c-c3986e901145;CAPACITOR4;3;2;2;2;0;12000;0;0;0;0;
d4b0968a-b0d0-4cc7-b727-a132778fe86f;Emp1;12;12;1;2;0;1000;0;0;19;0;0.0;0.0;0.0;0;
