799ad90d-203d-4f54-bb4a-4c46c6614fb6;PILOTING2;3;15;2;2;0;10000;0;0;37;0;
5b36120d-8643-4197-a1cf-8935ac1634c3;SHIELDS2;13;12;2;2;0;2000;4;0;46;0;1;
7d1426db-8961-4027-8506-bb078310b183;REACTOR1;3;2;2;2;0;3000;0;0;52;0;1;
a1bb1d26-685a-4c23-8119-87fb3a7ca8ab;CAPACITOR2;15;12;1;2;0;4000;0;0;0;0;
1281e679-4d02-4517-9d71-a32603c1c6fe;OXYGEN1;5;3;1;2;0;1000;0;0;21;0;1;
da629317-e903-425c-900b-82f275fbf535;SENSORS1;8;10;2;1;0;1000;0;0;1;0;1;
70adbb20-3f20-4b18-bd98-32b4c6299eef;DOOR_CONTROL1;12;8;1;2;0;1000;0;0;19;0;1;
af8ec86a-77d7-40e0-80b1-dd20344d77bf;MEDICAL1;15;8;1;2;0;2000;0;0;19;0;
60fcfc72-ba7a-46d5-90ea-ddaa0d40379e;Basic_laser1;4;8;1;2;0;800;0;0;19;0;0.0;0.0;0.0;0;
eff54804-8981-4939-a59c-2ddeb0eed466;Heavy_laser1;7;13;1;2;0;800;0;0;19;0;0.0;0.0;0.0;0;
