f6f3e487-c630-404d-9505-9e4401ef0a55;SHIELDS3;12;10;2;2;0;3000;6;0;64;0;1;
3fdf51bd-d51b-4e12-80c2-305b95aac0db;SHIELDS3;14;10;2;2;0;3000;6;0;58;0;1;
d7cac743-976d-41f9-aff2-e03964a6df55;PILOTING3;3;2;2;2;0;10000;0;0;52;0;
8f03b808-ed55-49db-8c74-27121d89a69d;REACTOR4;3;15;2;2;0;8000;0;0;37;0;1;
4451a92f-8b26-4ce0-9a30-6e566cd8f747;OXYGEN2;12;8;1;2;0;2000;0;0;19;0;1;
42ae0beb-9017-4f36-a45e-d75125758e83;SENSORS1;15;8;1;2;0;1000;0;0;19;0;1;
ad2f8112-45a1-4aad-8f5d-05992d381b20;DOOR_CONTROL4;6;18;2;2;0;4000;0;0;48;0;1;
956ce387-7f41-43d3-ac06-f272e648a5be;MEDICAL3;3;18;2;2;0;6000;0;0;47;0;
16fdf76a-585a-42be-83f4-3d7a2dbcb76f;Plasma_Burst1;13;12;2;2;0;3000;0;0;46;0;0.0;0.0;0.0;0;
13f8e2a7-bf6f-4410-8c4b-b6ab9810e780;Plasma_Cannon1;6;15;2;2;0;3000;0;0;48;0;0.0;0.0;0.0;0;
ed019397-85ca-40f4-a06b-82b854f5e635;Napalm3;6;10;2;1;0;2400;0;0;2;0;0.0;0.0;0.0;0;
ff96743b-fb81-4ee6-9cfa-aa2a740b105e;WEAPONS_CONTROL2;5;3;1;2;0;4000;0;0;21;0;
94c2848f-edd3-4968-b352-5b197e012258;CAPACITOR1;4;6;1;2;0;2000;0;0;0;0;
96639b35-d823-402e-9bc5-02f70bdfac3a;CAPACITOR1;4;10;2;1;0;2000;0;0;0;0;
f4fab37a-460b-4044-85b1-eea73580cc7c;CAPACITOR2;10;10;2;1;0;4000;0;0;0;0;
8b7813a1-fbc0-4a94-a1ca-0d34efce11f3;CAPACITOR3;5;17;1;2;0;6000;0;0;0;0;
a6360b10-4670-4d95-8e5f-de164481104d;MEDICAL1;4;4;1;2;0;2000;0;0;21;0;
