8810ca4b-f3ec-444a-96f3-8a4459bb0c7a;CAPACITOR4;8;2;2;2;0;12000;0;0;0;0;
0ca32a2b-df5e-4001-b4e2-397368b79966;DOOR_CONTROL3;2;2;2;2;0;3000;0;0;38;0;1;
6c50f56a-6e3e-40b8-a201-cfccb990e75f;MEDICAL3;8;5;2;2;0;6000;0;0;37;0;
2ceab1d0-1cba-4516-89e3-238d7919e595;HYPERDRIVE2;2;5;2;2;0;3000;0;0;40;0;1;
a3714ddc-4bee-4e8d-be09-4287f2fd863b;OXYGEN1;7;2;1;2;0;1000;0;0;31;0;1;
59621800-84bc-48ed-86ed-107c6ef9db58;REACTOR4;11;5;2;2;0;8000;0;0;39;0;1;
7c35f01b-7efa-42b6-97f7-b39d8ca6b353;SENSORS1;7;5;1;2;0;1000;0;0;32;0;1;
f4927e26-6216-4d1a-a273-a33fe177ee55;SHIELDS1;11;2;2;2;0;1000;2;42;37;0;1;
a45fe072-e99a-43c7-9834-4562aee5af44;SHIELDS2;5;5;2;2;0;2000;4;84;38;0;1;
21ad8c53-6ef8-4697-a7b2-bd9aa8cf95e4;PILOTING2;5;2;2;2;0;10000;0;0;37;0;
b2a6e91e-1494-4f6b-9509-dc63ac2bb051;Heavy_Dual_laser3;12;4;2;1;0;2200;0;0;1;0;0.0;0.0;0.0;0;
8086c30d-67aa-4042-b9b2-d42d7dccfbc2;Breacher2;8;4;2;1;0;2200;0;0;1;0;0.0;0.0;0.0;0;
8450f1ab-d6dc-4fef-b044-79e28be183f7;Quad_laser3;1;4;2;1;0;3800;0;0;1;0;0.0;0.0;0.0;0;
c4b3b9da-13de-4c6a-8cc5-6f175c1091d8;ENGINES7;5;4;2;1;0;3500;0;0;1;0;1;
