440f6c80-02e2-483c-a104-697c7a46cb00;PILOTING3;13;12;2;2;0;10000;0;0;46;0;
d70e643c-6551-4420-b6b4-470f6de91df9;SHIELDS3;3;15;2;2;0;3000;6;0;37;0;1;
00b9cbeb-2abd-416b-a7bf-d9a0727b5ce8;MIS_SHOP;14;10;2;2;0;10000;0;0;58;0;11;13;
ac619b26-cbf3-41a1-b099-378fefc69890;DRONE_SHOP;12;10;2;2;0;10000;0;0;64;0;10;9;
6cca3890-c017-4343-bdf9-591e107d41d9;MEDICAL3;3;18;2;2;0;6000;0;0;47;0;
82951564-6a21-49fd-8607-05a2ddc2c26e;OXYGEN2;4;8;1;2;0;2000;0;0;19;0;1;
ebae4d68-f447-40f0-bcf7-c0ca76d627b7;OXYGEN2;10;10;2;1;0;2000;0;0;1;0;1;
938d4d48-52bf-4d12-922a-7137156d4cfc;SENSORS3;15;12;1;2;0;2000;0;0;19;0;1;
3c7c724f-25a1-4b66-b262-03b0f17fbf83;SENSORS3;12;12;1;2;0;2000;0;0;19;0;1;
dfa2cb92-4a44-4032-a8fc-1bc1dac7cb8c;DOOR_CONTROL2;5;3;1;2;0;2000;0;0;21;0;1;
ae14a916-8c30-4116-87c8-a6e67c4f4517;WEAPONS_CONTROL1;6;18;2;2;0;6000;0;0;48;0;
51812d2d-c4b6-4d4d-9b19-733c6f9bb761;SYS_SHOP;3;2;2;2;0;10000;0;0;52;0;100;none:none:none:none:none:;
87d29696-4959-4348-8ebc-4efd5b6e2663;REPAIR1;15;8;1;2;0;2000;0;0;19;0;
19b4df42-eff0-41aa-9224-aed56ca36a28;REACTOR3;6;15;2;2;0;5000;0;0;48;0;1;
865b67b9-16f3-49b5-82dd-cc546ae12eed;Quad_laser2;7;11;1;2;0;3600;0;0;19;0;0.0;0.0;0.0;0;
52b5457f-e0e4-48a1-84d0-458634fa0e0a;Basic_laser3;4;4;1;2;0;1200;0;0;21;0;0.0;0.0;0.0;0;
eeb1b665-f04b-433c-adf2-cd7553be6db1;CAPACITOR2;4;10;2;1;0;4000;0;0;0;0;
90c63305-1de2-4ace-a048-cda8d54449ad;CAPACITOR2;6;10;2;1;0;4000;0;0;0;0;
ba8f7e6c-10aa-4dc2-8351-bb1be19a8646;CAPACITOR2;8;10;2;1;0;4000;0;0;0;0;
9c1864c1-6490-4d80-9b39-17bc2ea35248;CAPACITOR2;12;8;1;2;0;4000;0;0;0;0;
